2 0.90703125 0.765625 0.13125 0.1984375
2 0.303125 0.77890625 0.1015625 0.1703125
2 0.52265625 0.74296875 0.0765625 0.1484375
2 0.14140625 0.7890625 0.1765625 0.1765625
2 0.753125 0.63203125 0.05 0.059375
2 0.6484375 0.76484375 0.071875 0.146875
2 0.64765625 0.67421875 0.0921875 0.0796875
2 0.57890625 0.7625 0.0890625 0.1453125
2 0.57265625 0.6671875 0.0515625 0.06875
2 0.46015625 0.7625 0.0875 0.14375
2 0.39375 0.75859375 0.090625 0.128125
2 0.40625 0.65859375 0.0328125 0.0328125
2 0.4390625 0.67578125 0.0296875 0.046875
2 0.76328125 0.778125 0.10625 0.1953125
2 0.92265625 0.66875 0.0984375 0.0828125
2 0.90703125 0.60390625 0.0515625 0.0578125