5 0.7328125 0.425 0.296875 0.271875
5 0.25078125 0.68515625 0.3015625 0.3890625
5 0.7859375 0.22890625 0.1546875 0.109375
5 0.075 0.15859375 0.0703125 0.04375
5 0.5796875 0.19609375 0.146875 0.0796875
5 0.7015625 0.16640625 0.1234375 0.071875
5 0.275 0.10546875 0.065625 0.05
5 0.8265625 0.02265625 0.05 0.0453125
5 0.5421875 0.11796875 0.0875 0.046875
5 0.66015625 0.09140625 0.06875 0.0515625
5 0.57578125 0.0515625 0.0421875 0.0421875
5 0.68046875 0.05390625 0.0671875 0.034375
5 0.32265625 0.09375 0.0421875 0.046875