2 0.2578125 0.47109375 0.271875 0.2421875
2 0.7796875 0.634375 0.2625 0.3625
2 0.1671875 0.2890625 0.1453125 0.0921875
2 0.85234375 0.08359375 0.0671875 0.0359375
2 0.36328125 0.2171875 0.1421875 0.0640625
2 0.23828125 0.2109375 0.11875 0.0578125
2 0.6453125 0.06953125 0.0609375 0.04375
2 0.08671875 0.0890625 0.0453125 0.0515625
2 0.3859375 0.1328125 0.084375 0.0359375
2 0.26484375 0.12890625 0.0640625 0.04375
2 0.33984375 0.07421875 0.0375 0.0390625
2 0.2375 0.09609375 0.0640625 0.0265625
2 0.9671875 0.075 0.03125 0.034375
2 0.596875 0.0671875 0.0375 0.0421875
