2 0.83125 0.85625 0.1265625 0.1953125
2 0.24140625 0.72265625 0.0953125 0.16875
2 0.4625 0.74140625 0.071875 0.146875
2 0.08359375 0.69375 0.1671875 0.171875
2 0.71328125 0.6890625 0.0484375 0.0578125
2 0.5796875 0.79296875 0.0671875 0.146875
2 0.60078125 0.7046875 0.090625 0.0765625
2 0.5125 0.77421875 0.084375 0.14375
2 0.5296875 0.6796875 0.05 0.0671875
2 0.39765625 0.7453125 0.0828125 0.1421875
2 0.334375 0.725 0.0875 0.1265625
2 0.37109375 0.63125 0.0328125 0.03125
2 0.39765625 0.65546875 0.028125 0.0453125
2 0.68828125 0.83359375 0.1 0.19375
2 0.86953125 0.765625 0.096875 0.0796875
2 0.86953125 0.69921875 0.05 0.05625
