2 0.25859375 0.4625 0.26328125 0.23359375
2 0.775 0.64375 0.25 0.35390625
2 0.175 0.27734375 0.14296875 0.0875
2 0.86640625 0.09609375 0.06640625 0.03359375
2 0.3734375 0.2125 0.13984375 0.05859375
2 0.2484375 0.20234375 0.11640625 0.05390625
2 0.66015625 0.075 0.06015625 0.04140625
2 0.1015625 0.075 0.04296875 0.05
2 0.3984375 0.12890625 0.08359375 0.03359375
2 0.278125 0.12109375 0.06328125 0.04140625
2 0.3546875 0.06875 0.03671875 0.0375
2 0.2515625 0.0875 0.06328125 0.025
2 0.98203125 0.09140625 0.0296875 0.03359375
2 0.61171875 0.07109375 0.03671875 0.04140625
