2 0.13359375 0.81953125 0.10703125 0.18515625
2 0.73359375 0.7484375 0.0796875 0.1609375
2 0.51171875 0.74375 0.05703125 0.14140625
2 0.8953125 0.73671875 0.15703125 0.15625
2 0.26796875 0.665625 0.04296875 0.05390625
2 0.38984375 0.7828125 0.053125 0.14140625
2 0.378125 0.69296875 0.08359375 0.06796875
2 0.45859375 0.77109375 0.0703125 0.13671875
2 0.4515625 0.67578125 0.04296875 0.06328125
2 0.57578125 0.7546875 0.06875 0.1359375
2 0.64140625 0.74140625 0.075 0.11953125
2 0.61484375 0.64375 0.0296875 0.02890625
2 0.58515625 0.665625 0.0234375 0.04375
2 0.278125 0.81171875 0.08125 0.1859375
2 0.1046875 0.72578125 0.08984375 0.07109375
2 0.11171875 0.659375 0.04453125 0.05234375
