1 0.62890625 0.271875 0.2515625 0.35
1 0.3578125 0.75703125 0.2140625 0.265625
1 0.778125 0.6 0.2296875 0.31875
1 0.28046875 0.515625 0.19375 0.225
1 0.59140625 0.56328125 0.175 0.2640625
1 0.49453125 0.55546875 0.1265625 0.2171875
1 0.64921875 0.82734375 0.15625 0.2796875
1 0.8328125 0.86640625 0.19375 0.25625
1 0.94765625 0.63515625 0.1046875 0.3953125
1 0.484375 0.3203125 0.1296875 0.215625
1 0.37265625 0.3140625 0.1171875 0.2015625
1 0.15859375 0.4953125 0.1296875 0.215625
1 0.3109375 0.3203125 0.1109375 0.215625
1 0.53515625 0.77109375 0.146875 0.2375
1 0.20625 0.72421875 0.1234375 0.2375
