1 0.6953125 0.64765625 0.390625 0.3109375
1 0.253125 0.31796875 0.3015625 0.2578125
1 0.34375 0.759375 0.35625 0.2828125
1 0.50703125 0.26796875 0.2578125 0.2328125
1 0.41015625 0.57578125 0.2921875 0.2203125
1 0.4328125 0.47890625 0.2390625 0.1640625
1 0.14453125 0.603125 0.2890625 0.203125
1 0.10703125 0.78203125 0.2140625 0.2359375
1 0.28203125 0.91875 0.4125 0.1578125
1 0.6703125 0.496875 0.2375 0.165625
1 0.69375 0.38515625 0.2203125 0.15
1 0.54609375 0.14921875 0.2375 0.165625
1 0.696875 0.321875 0.2359375 0.146875
1 0.2109375 0.49453125 0.2625 0.1875
1 0.309375 0.16953125 0.259375 0.1640625
