1 0.28203125 0.58984375 0.425 0.3515625
1 0.8234375 0.43671875 0.3265625 0.2921875
1 0.60625 0.82578125 0.3859375 0.321875
1 0.58046875 0.29609375 0.2796875 0.259375
1 0.590625 0.625 0.31875 0.2515625
1 0.5953125 0.52421875 0.2578125 0.1875
1 0.84765625 0.75234375 0.3046875 0.234375
1 0.859375 0.90703125 0.28125 0.1859375
1 0.61953125 0.9515625 0.434375 0.096875
1 0.3515625 0.4546875 0.25625 0.190625
1 0.359375 0.33984375 0.2375 0.171875
1 0.575 0.16640625 0.25625 0.190625
1 0.3734375 0.27734375 0.2515625 0.1703125
1 0.815625 0.62109375 0.2828125 0.2125
1 0.809375 0.2734375 0.278125 0.190625
