1 0.06796875 0.7703125 0.1359375 0.2125
1 0.265625 0.85390625 0.2640625 0.23125
1 0.5015625 0.89296875 0.253125 0.1734375
1 0.740625 0.9171875 0.25625 0.1015625
1 0.10546875 0.5484375 0.2109375 0.25
1 0.3328125 0.61875 0.2453125 0.25
1 0.57890625 0.6796875 0.2546875 0.2328125
1 0.8078125 0.7609375 0.2640625 0.2546875
1 0.16328125 0.303125 0.2796875 0.2375
1 0.42109375 0.36796875 0.2640625 0.2265625
1 0.6625 0.43984375 0.25 0.225
1 0.88671875 0.5171875 0.2265625 0.2390625
1 0.25234375 0.1015625 0.3015625 0.203125
1 0.4875 0.13515625 0.2515625 0.24375
1 0.65625 0.23125 0.1515625 0.1421875
1 0.79453125 0.1859375 0.146875 0.15625
1 0.9625 0.3390625 0.075 0.125
1 0.9765625 0.24453125 0.046875 0.1296875