1 0.959375 0.7390625 0.08125 0.284375
1 0.91484375 0.46328125 0.1703125 0.2703125
1 0.85078125 0.22109375 0.196875 0.259375
1 0.77265625 0.06796875 0.1859375 0.08125
1 0.8 0.79609375 0.2453125 0.2765625
1 0.7125 0.5390625 0.24375 0.259375
1 0.621875 0.28984375 0.225 0.26875
1 0.56484375 0.10078125 0.2328125 0.165625
1 0.553125 0.859375 0.234375 0.28125
1 0.4578125 0.60859375 0.2203125 0.2796875
1 0.37890625 0.35625 0.2171875 0.2640625
1 0.315625 0.13125 0.2171875 0.2171875
1 0.3125 0.88359375 0.25625 0.2328125
1 0.23125 0.68359375 0.2375 0.2671875
1 0.2140625 0.48203125 0.1375 0.1609375
1 0.0984375 0.38828125 0.1515625 0.1546875
1 0.1140625 0.14921875 0.109375 0.1046875
1 0.03984375 0.17890625 0.0796875 0.1078125