1 0.13828125 0.09453125 0.23125 0.1328125
1 0.4046875 0.08125 0.215625 0.15625
1 0.6390625 0.08359375 0.203125 0.1484375
1 0.8765625 0.0859375 0.20625 0.1546875
1 0.14921875 0.3140625 0.203125 0.1703125
1 0.39765625 0.3140625 0.1859375 0.175
1 0.6390625 0.31875 0.203125 0.15
1 0.871875 0.303125 0.2046875 0.1703125
1 0.14921875 0.55546875 0.2375 0.146875
1 0.4046875 0.56015625 0.215625 0.140625
1 0.64609375 0.5546875 0.2 0.1453125
1 0.884375 0.54296875 0.196875 0.1609375
1 0.165625 0.78515625 0.24375 0.1671875
1 0.3984375 0.784375 0.1953125 0.1640625
1 0.5796875 0.7390625 0.11875 0.09375
1 0.6921875 0.81328125 0.1078125 0.1109375
1 0.92265625 0.728125 0.1203125 0.0828125
1 0.91953125 0.81875 0.115625 0.0890625